> approInfer(10000000, 10, 2, 0.1, 128)
[1] 0.09900619

B2 with 100 points from 5000 to 500,000 (interval 5000)

0.08097496, 0.10033701, 0.15669467, 0.06850304, 0.11434990, 0.13537199, 0.09831882
0.09350826, 0.08433673, 0.08995998, 0.09381254, 0.10057319, 0.08694425, 0.08768883,
0.09744800, 0.09942148, 0.10668408, 0.08022684, 0.10794697, 0.08841918, 0.10207594,
0.08537002, 0.09905625, 0.10670798, 0.11182356, 0.08905127, 0.10770113, 0.08538103,
0.07977405, 0.10063998, 0.08406680, 0.11590980, 0.10156789, 0.08994262, 0.09029588,
0.09428660, 0.09478811, 0.10534889, 0.09645980, 0.09910865, 0.09903286, 0.10112010,
0.09023346, 0.08274541, 0.10873489, 0.11344084, 0.10211481, 0.11451720, 0.08962681,
0.09790930, 0.11237701, 0.08685065, 0.10473744, 0.09213781, 0.10083299, 0.09743707,
0.09660478, 0.09930698, 0.10579388, 0.09562298, 0.09838689, 0.10357448, 0.08920121,
0.09989270, 0.09076252, 0.10631245, 0.10486445, 0.09785336, 0.10246414, 0.10581359,
0.09354691, 0.10505391, 0.10461518, 0.09744975, 0.09912969, 0.09418152, 0.09771077,
0.09708329, 0.09625913, 0.10102055, 0.10007328, 0.09650027, 0.09538449, 0.10340816,
0.10482051, 0.10073973, 0.10476767, 0.10101089, 0.10771463, 0.09062219, 0.10076142,
0.09672747, 0.10610233, 0.10203740, 0.10142422, 0.09780030, 0.09847374, 0.09427539,
0.09938388, 0.10768591



B2 with 50 points from 10000 to 500,000 (interval 10000)

0.10033701, 0.06850304, 0.13537199, 
0.09350826, 0.08995998, 0.10057319, 0.08768883,
0.09942148, 0.08022684, 0.08841918, 
0.08537002, 0.10670798, 0.08905127, 0.08538103,
0.10063998, 0.11590980, 0.08994262, 
0.09428660, 0.10534889, 0.09910865, 0.10112010,
0.08274541, 0.11344084, 0.11451720, 
0.09790930, 0.08685065, 0.09213781, 0.09743707,
0.09930698, 0.09562298, 0.10357448, 
0.09989270, 0.10631245, 0.09785336, 0.10581359,
0.10505391, 0.09744975, 0.09418152, 
0.09708329, 0.10102055, 0.09650027, 0.10340816,
0.10073973, 0.10101089, 0.09062219, 
0.09672747, 0.10203740, 0.09780030, 0.09427539,
0.10768591



B5 with 50 points from 10000 to 500,000 (interval 10000)

> print(probValueSet)
 [1] 0.08687533 0.06509687 0.08896804 0.13203895 0.10033384 0.11057847 0.07900012
 [8] 0.09410684 0.09454461 0.08765531 0.08165030 0.09610139 0.08908412 0.10169512
[15] 0.09479868 0.09862760 0.08604238 0.08413619 0.09679076 0.09209573 0.09828626
[22] 0.09131097 0.09661157 0.08655006 0.09369658 0.09130495 0.08246926 0.09493433
[29] 0.09063297 0.08202072 0.10028241 0.09461420 0.09594101 0.09175103 0.08987931
[36] 0.09744762 0.09128242 0.09181448 0.09085751 0.08570167 0.08637144 0.09423302
[43] 0.08453506 0.09142557 0.09499578 0.08773997 0.08954819 0.09365753 0.09743439
[50] 0.08954997



B8 with 50 points from 10000 to 500,000 (interval 10000)

> print(probValueSet)
 [1] 0.8933864 0.9100120 0.8827586 0.8730374 0.9246815 0.9043261 0.8959688 0.9036216 0.8913541
[10] 0.9245809 0.9112778 0.9032928 0.8931160 0.9174462 0.9055578 0.9107319 0.8858204 0.9002070
[19] 0.9022673 0.9068979 0.9055220 0.9109580 0.9098856 0.9206656 0.9074379 0.9159718 0.9151069
[28] 0.9168200 0.9134716 0.9084113 0.9134208 0.9082988 0.9059101 0.9094734 0.9111368 0.9027325
[37] 0.9136303 0.9126516 0.9032154 0.9070305 0.9122017 0.9100121 0.9068228 0.9039755 0.8965925
[46] 0.9037149 0.9008234 0.9074572 0.9071320 0.9055754



B10 with 50 points from 10000 to 500,000 (interval 10000)

> print(probValueSet)
 [1] 0 0 0 0 0 0 0 0 0 0 0 0 0 0 0 0 0 0 0 0 0 0 0 0 0 0 0 0 0 0 0 0 0 0 0 0 0 0 0 0 0 0 0 0 0 0 0
[48] 0 0 0